250
424754757
143331157
177954444
200743443
224419617
410475510
5637567
116776662
522520566
271181790
216177248
102247446
481161897
831472488
328427218
116969358
63054244
15142257
210494460
839539750
34885570
368293959
244069092
532120320
655582212
115233168
18802238
214980705
25754560
571638380
189036864
6115616
1017088
331626832
882533712
116638140
660107010
91473685
281530244
4314072
122324947
54919374
103235265
814345272
732824503
381014662
79255338
145995160
94700612
291552210
221256308
480988515
527080018
129912291
514295314
295443058
280588056
14981694
546264516
63984063
228469349
91555182
250961908
434934770
186407967
456228616
302312241
124657536
5120472
614332585
277180161
262783625
54335325
258124636
371653040
695038696
272828064
1232400
381509960
678386978
535293852
440662656
787073638
236186676
4095026
626488972
228944160
358154064
131843124
415293071
19103955
8541875
724837260
22405887
824639375
102050590
167736768
237143268
71745408
596429436
52740134
69583120
237543408
160147860
247415860
203729814
25967088
804708352
16178214
480008486
172405792
13551120
406620314
186635900
264700404
252223010
402872001
29066048
306545794
176068140
178122080
139476222
450045000
463213326
1040139652
519532
213625594
260950326
354091738
7464121
383934936
609262494
215697664
61437501
972645462
292297014
258049980
259269786
559398499
24868789
163848520
494031333
495914192
252318625
105692820
334811525
389785030
273316471
398563038
417779250
111546153
262490813
204708900
269254468
274556838
442221332
477220975
96730993
158959790
21358250
583618014
592542348
714780430
539007810
658651299
318616558
20865951
81236170
92461725
110919780
272306151
183848160
272938850
406852524
888681794
171291624
199950608
349621827
159847992
10331172
220318234
474068133
364520844
629860455
511471735
73936736
799534377
495882919
4261128
240770222
85017191
114441569
21974232
720081685
28754544
157427889
29069010
838954148
116755566
65398200
408038631
342264118
854398182
657879104
251426784
265476480
50079606
518747012
72634956
23724954
868811859
306888318
21756280
74870208
52760903
521431687
26545896
521205250
295713300
612525240
142556050
63332985
354473416
11949912
35964009
59888274
20022939
366341976
1187220
310385808
36609448
20622000
114235338
357933760
949447389
853877772
828614397
169364554
220709700
29442996
338874149
164202600
545392593
39632481
650865717
188147440
66647550
50315615
2641149
446540592
