Merge Sort:

519532
1017088
1187220
1232400
2641149
4095026
4261128
4314072
5120472
5637567
6115616
7464121
8541875
10331172
11949912
13551120
14981694
15142257
16178214
18802238
19103955
20022939
20622000
20865951
21358250
21756280
21974232
22405887
23724954
24868789
25754560
25967088
26545896
28754544
29066048
29069010
29442996
34885570
35964009
36609448
39632481
50079606
50315615
52740134
52760903
54335325
54919374
59888274
61437501
63054244
63332985
63984063
65398200
66647550
69583120
71745408
72634956
73936736
74870208
79255338
81236170
85017191
91473685
91555182
92461725
94700612
96730993
102050590
102247446
103235265
105692820
110919780
111546153
114235338
114441569
115233168
116638140
116755566
116776662
116969358
122324947
124657536
129912291
131843124
139476222
142556050
143331157
145995160
157427889
158959790
159847992
160147860
163848520
164202600
167736768
169364554
171291624
172405792
176068140
177954444
178122080
183848160
186407967
186635900
188147440
189036864
199950608
200743443
203729814
204708900
210494460
213625594
214980705
215697664
216177248
220318234
220709700
221256308
224419617
228469349
228944160
236186676
237143268
237543408
240770222
244069092
247415860
250961908
251426784
252223010
252318625
258049980
258124636
259269786
260950326
262490813
262783625
264700404
265476480
269254468
271181790
272306151
272828064
272938850
273316471
274556838
277180161
280588056
281530244
291552210
292297014
295443058
295713300
302312241
306545794
306888318
310385808
318616558
328427218
331626832
334811525
338874149
342264118
349621827
354091738
354473416
357933760
358154064
364520844
366341976
368293959
371653040
381014662
381509960
383934936
389785030
398563038
402872001
406620314
406852524
408038631
410475510
415293071
417779250
424754757
434934770
440662656
442221332
446540592
450045000
456228616
463213326
474068133
477220975
480008486
480988515
481161897
494031333
495882919
495914192
511471735
514295314
518747012
521205250
521431687
522520566
527080018
532120320
535293852
539007810
545392593
546264516
559398499
571638380
583618014
592542348
596429436
609262494
612525240
614332585
626488972
629860455
650865717
655582212
657879104
658651299
660107010
678386978
695038696
714780430
720081685
724837260
732824503
787073638
799534377
804708352
814345272
824639375
828614397
831472488
838954148
839539750
853877772
854398182
868811859
882533712
888681794
949447389
972645462
1040139652

