Insertion Sort:

283560
1797208
1949000
4498933
5984367
8353128
8366464
8794980
8929026
8982636
9809105
10238592
10667618
11708976
11755988
12899150
13629630
15117312
15866244
16460820
16920339
21286980
21941308
22473985
25807870
26237280
26239327
27463860
27575784
27926238
32879031
34636472
35182962
37743683
38296271
42170625
45292009
46970190
47428945
54689662
54734538
55659250
56751058
58127436
58674560
63010080
64849512
64876704
65786490
66287760
67992036
69344655
69802830
70429710
71411200
75047907
75310902
78605892
79298016
80889813
81491115
82138090
83575557
84511208
86862216
98377260
99153792
101154000
101254068
103452960
104073410
104986710
108918084
109877690
110520060
111477228
115111440
118028032
124139810
124239399
138493212
139215558
139336932
141568777
142133968
146903872
147199424
148541000
150682598
153525780
154901538
155096696
157170500
157652336
159654572
160314400
161896644
163977312
167253040
170638656
172215140
180185700
181635949
182204169
182576151
185152800
188271616
191356401
191817396
194376840
200419560
201681528
206635906
208203950
210876444
219197664
219382176
222455148
224573426
226898288
227550328
228156944
228205534
229365024
231904032
232805578
233226170
233295588
235703402
236287143
237205940
238895233
240559796
241495338
247435306
248267520
262373315
262759600
277040194
277908398
286020648
292942347
296550741
305674656
308460460
312672250
313686040
314923392
317575176
320140534
329082588
342239235
343377120
352473408
354061625
354771072
358169850
369123678
371521296
373623250
374289250
376291730
381611724
383512554
390014460
391176579
393930531
394421760
396433128
400905186
402288040
413709529
417062799
418767520
420606329
424448277
427187756
432686400
436397139
440881666
443305156
446386479
448495882
449022094
455821920
456245168
460478220
460892070
464396496
471586176
473950134
490659072
491488998
497095544
497661941
502648520
508440555
510830712
512180146
515252150
520248576
521665286
524196160
524571006
530444368
536978416
548523850
551853198
552835206
560546712
568723984
569114139
570650815
579546240
584616944
593103414
594906012
599171202
605746204
615135900
619124418
625394709
625560437
648967664
650305724
650778940
663108294
667318800
672482600
672985467
677662056
678181036
693287300
710285534
742518332
758692464
766647107
770142879
780827907
787500713
803109366
824465100
894472200
905469890
907522700
914465020
919685046
962029920
977248193
1060536722

